-57.328 -29.972
-57.323 -29.937
-57.329 -29.895
-57.328 -29.880
-57.295 -29.832
-57.242 -29.789
-57.227 -29.780
-57.171 -29.781
-57.134 -29.771
-57.121 -29.765
-57.094 -29.743
-57.046 -29.702
-56.987 -29.624
-56.969 -29.601
-56.934 -29.569
-56.903 -29.535
-56.856 -29.505
-56.835 -29.493
-56.816 -29.482
-56.799 -29.466
-56.780 -29.440
-56.779 -29.420
-56.780 -29.411
-56.768 -29.378
-56.755 -29.371
-56.719 -29.369
-56.706 -29.361
-56.655 -29.278
-56.648 -29.259
-56.653 -29.227
-56.637 -29.192
-56.605 -29.155
-56.591 -29.120
-56.576 -29.114
-56.543 -29.115
-56.513 -29.092
-56.501 -29.088
-56.430 -29.080
-56.419 -29.076
-56.408 -29.039
-56.398 -29.021
-56.415 -29.000
-56.410 -28.976
-56.395 -28.959
-56.381 -28.950
-56.338 -28.938
-56.325 -28.924
-56.304 -28.902
-56.298 -28.891
-56.296 -28.860
-56.300 -28.814
-56.294 -28.798
-56.283 -28.788
-56.263 -28.778
-56.189 -28.772
-56.162 -28.743
-56.148 -28.715
-56.125 -28.687
-56.047 -28.624
-56.020 -28.614
-56.002 -28.599
-56.000 -28.585
-56.008 -28.569
-56.020 -28.553
-56.026 -28.539
-56.023 -28.525
-56.011 -28.507
-55.984 -28.497
-55.949 -28.495
-55.917 -28.483
-55.886 -28.480
-55.881 -28.473
-55.881 -28.465
-55.901 -28.417
-55.902 -28.407
-55.900 -28.397
-55.872 -28.359
-55.848 -28.356
-55.819 -28.365
-55.761 -28.368
-55.740 -28.376
-55.733 -28.382
-55.724 -28.401
-55.720 -28.416
-55.711 -28.427
-55.697 -28.426
-55.690 -28.416
-55.689 -28.392
-55.668 -28.341
-55.674 -28.328
-55.703 -28.310
-55.732 -28.287
-55.773 -28.274
-55.782 -28.254
-55.771 -28.242
-55.731 -28.229
-55.699 -28.223
-55.658 -28.187
-55.647 -28.181
-55.636 -28.179
-55.630 -28.176
-55.626 -28.167
-55.628 -28.159
-55.620 -28.150
-55.621 -28.136
-55.618 -28.129
-55.608 -28.116
-55.596 -28.116
-55.585 -28.122
-55.583 -28.129
-55.589 -28.143
-55.586 -28.148
-55.562 -28.166
-55.557 -28.166
-55.548 -28.157
-55.548 -28.144
-55.547 -28.135
-55.538 -28.120
-55.512 -28.114
-55.502 -28.088
-55.494 -28.077
-55.483 -28.078
-55.465 -28.094
-55.455 -28.099
-55.446 -28.098
-55.438 -28.087
-55.415 -28.056
-55.374 -28.035
-55.368 -28.029
-55.368 -28.016
-55.376 -28.001
-55.382 -27.997
-55.384 -27.984
-55.374 -27.975
-55.344 -27.973
-55.338 -27.966
-55.331 -27.940
-55.325 -27.929
-55.317 -27.925
-55.304 -27.925
-55.278 -27.935
-55.265 -27.932
-55.255 -27.923
-55.233 -27.886
-55.196 -27.857
-55.182 -27.857
-55.169 -27.862
-55.155 -27.882
-55.138 -27.896
-55.134 -27.897
-55.128 -27.894
-55.123 -27.885
-55.126 -27.860
-55.122 -27.854
-55.107 -27.847
-55.081 -27.843
-55.052 -27.853
-55.035 -27.859
-55.026 -27.849
-55.025 -27.834
-55.035 -27.824
-55.081 -27.798
-55.084 -27.787
-55.081 -27.779
-55.072 -27.773
-55.050 -27.770
-55.022 -27.795
-55.011 -27.798
-54.999 -27.791
-54.989 -27.773
-54.977 -27.772
-54.961 -27.778
-54.949 -27.778
-54.936 -27.773
-54.930 -27.759
-54.928 -27.752
-54.903 -27.726
-54.902 -27.699
-54.905 -27.660
-54.906 -27.641
-54.896 -27.631
-54.885 -27.627
-54.859 -27.629
-54.850 -27.624
-54.840 -27.606
-54.832 -27.574
-54.815 -27.534
-54.807 -27.530
-54.795 -27.537
-54.786 -27.577
-54.775 -27.586
-54.766 -27.585
-54.759 -27.583
-54.753 -27.575
-54.742 -27.562
-54.723 -27.564
-54.682 -27.575
-54.673 -27.570
-54.672 -27.558
-54.679 -27.529
-54.679 -27.515
-54.672 -27.505
-54.664 -27.506
-54.658 -27.512
-54.644 -27.543
-54.632 -27.546
-54.622 -27.541
-54.616 -27.534
-54.608 -27.512
-54.592 -27.481
-54.590 -27.464
-54.585 -27.455
-54.574 -27.454
-54.567 -27.458
-54.548 -27.477
-54.536 -27.504
-54.530 -27.506
-54.517 -27.499
-54.511 -27.487
-54.504 -27.482
-54.474 -27.481
-54.457 -27.479
-54.444 -27.473
-54.442 -27.460
-54.449 -27.455
-54.468 -27.437
-54.470 -27.429
-54.463 -27.423
-54.435 -27.424
-54.426 -27.417
-54.414 -27.407
-54.406 -27.406
-54.391 -27.417
-54.385 -27.425
-54.368 -27.452
-54.359 -27.461
-54.347 -27.467
-54.336 -27.460
-54.333 -27.448
-54.339 -27.428
-54.338 -27.412
-54.339 -27.405
-54.332 -27.403
-54.318 -27.413
-54.305 -27.425
-54.295 -27.443
-54.284 -27.448
-54.267 -27.438
-54.268 -27.413
-54.261 -27.398
-54.249 -27.393
-54.229 -27.393
-54.217 -27.386
-54.211 -27.374
-54.212 -27.360
-54.211 -27.347
-54.201 -27.325
-54.191 -27.307
-54.192 -27.291
-54.185 -27.266
-54.172 -27.255
-54.165 -27.254
-54.156 -27.263
-54.154 -27.270
-54.158 -27.293
-54.155 -27.297
-54.144 -27.299
-54.130 -27.302
-54.111 -27.303
-54.100 -27.304
-54.078 -27.297
-54.068 -27.285
-54.055 -27.264
-54.026 -27.254
-54.015 -27.236
-54.015 -27.214
-54.008 -27.199
-53.989 -27.195
-53.971 -27.198
-53.960 -27.194
-53.957 -27.181
-53.959 -27.161
-53.953 -27.154
-53.936 -27.154
-53.927 -27.160
-53.918 -27.173
-53.908 -27.176
-53.903 -27.175
-53.889 -27.158
-53.886 -27.138
-53.877 -27.126
-53.861 -27.128
-53.844 -27.161
-53.838 -27.168
-53.834 -27.170
-53.828 -27.172
-53.824 -27.173
-53.817 -27.175
-53.811 -27.173
-53.803 -27.169
-53.779 -27.150
-53.773 -27.148
-53.764 -27.154
-53.749 -27.191
-53.747 -27.191
-53.737 -27.192
-53.720 -27.184
-53.718 -27.182
-53.717 -27.182
-53.707 -27.174
-53.697 -27.169
-53.688 -27.165
-53.676 -27.161
-53.667 -27.162
-53.656 -27.172
-53.651 -27.177
-53.649 -27.184
-53.648 -27.193
-53.650 -27.212
-53.648 -27.218
-53.642 -27.221
-53.635 -27.219
-53.619 -27.189
-53.612 -27.186
-53.600 -27.189
-53.590 -27.187
-53.564 -27.174
-53.554 -27.175
-53.549 -27.176
-53.549 -27.176
-53.527 -27.196
-53.511 -27.203
-53.510 -27.204
-53.509 -27.204
-53.505 -27.204
-53.492 -27.202
-53.491 -27.201
-53.491 -27.195
-53.490 -27.182
-53.493 -27.175
-53.504 -27.162
-53.506 -27.155
-53.508 -27.147
-53.506 -27.138
-53.499 -27.134
-53.495 -27.133
-53.481 -27.135
-53.478 -27.137
-53.469 -27.148
-53.458 -27.156
-53.411 -27.141
-53.401 -27.128
-53.394 -27.110
-53.383 -27.096
-53.378 -27.093
-53.372 -27.091
-53.363 -27.094
-53.352 -27.111
-53.348 -27.117
-53.343 -27.119
-53.332 -27.119
-53.330 -27.119
-53.311 -27.119
-53.308 -27.120
-53.299 -27.127
-53.296 -27.130
-53.295 -27.134
-53.293 -27.138
-53.293 -27.140
-53.297 -27.151
-53.302 -27.164
-53.319 -27.195
-53.320 -27.204
-53.321 -27.209
-53.321 -27.210
-53.320 -27.212
-53.317 -27.217
-53.310 -27.217
-53.292 -27.197
-53.253 -27.178
-53.243 -27.171
-53.243 -27.171
-53.231 -27.172
-53.197 -27.192
-53.189 -27.192
-53.177 -27.179
-53.173 -27.151
-53.169 -27.145
-53.166 -27.143
-53.163 -27.140
-53.158 -27.139
-53.150 -27.142
-53.142 -27.170
-53.137 -27.176
-53.133 -27.178
-53.130 -27.179
-53.113 -27.170
-53.073 -27.158
-53.072 -27.158
-53.072 -27.157
-53.071 -27.146
-53.071 -27.137
-53.079 -27.116
-53.079 -27.115
-53.078 -27.107
-53.077 -27.105
-53.076 -27.104
-53.075 -27.102
-53.058 -27.086
-53.050 -27.083
-53.033 -27.081
-53.029 -27.081
-53.022 -27.084
-53.018 -27.091
-53.019 -27.091
-53.025 -27.106
-53.042 -27.127
-53.043 -27.128
-53.043 -27.146
-53.039 -27.155
-53.027 -27.157
-53.003 -27.133
-52.994 -27.138
-52.986 -27.150
-52.985 -27.152
-52.983 -27.160
-52.984 -27.165
-52.998 -27.181
-53.003 -27.190
-53.000 -27.207
-52.999 -27.208
-52.990 -27.218
-52.978 -27.221
-52.970 -27.217
-52.969 -27.216
-52.966 -27.180
-52.960 -27.165
-52.958 -27.164
-52.952 -27.162
-52.952 -27.162
-52.938 -27.171
-52.937 -27.198
-52.926 -27.202
-52.921 -27.202
-52.904 -27.198
-52.890 -27.187
-52.886 -27.184
-52.863 -27.170
-52.863 -27.169
-52.850 -27.169
-52.844 -27.178
-52.847 -27.203
-52.844 -27.207
-52.839 -27.209
-52.834 -27.210
-52.818 -27.202
-52.810 -27.202
-52.801 -27.203
-52.792 -27.204
-52.787 -27.205
-52.774 -27.207
-52.767 -27.210
-52.763 -27.212
-52.759 -27.216
-52.758 -27.222
-52.763 -27.243
-52.763 -27.245
-52.755 -27.257
-52.752 -27.258
-52.743 -27.257
-52.732 -27.240
-52.722 -27.236
-52.719 -27.236
-52.715 -27.237
-52.710 -27.247
-52.707 -27.271
-52.707 -27.273
-52.699 -27.282
-52.698 -27.282
-52.692 -27.283
-52.690 -27.284
-52.689 -27.283
-52.679 -27.269
-52.676 -27.247
-52.667 -27.238
-52.661 -27.238
-52.660 -27.238
-52.659 -27.238
-52.658 -27.239
-52.645 -27.260
-52.631 -27.265
-52.626 -27.265
-52.614 -27.264
-52.598 -27.254
-52.590 -27.249
-52.589 -27.248
-52.571 -27.249
-52.561 -27.247
-52.549 -27.239
-52.548 -27.239
-52.545 -27.240
-52.545 -27.241
-52.536 -27.260
-52.500 -27.265
-52.482 -27.266
-52.480 -27.265
-52.478 -27.265
-52.478 -27.264
-52.478 -27.262
-52.482 -27.245
-52.481 -27.239
-52.479 -27.235
-52.446 -27.218
-52.441 -27.217
-52.435 -27.218
-52.434 -27.219
-52.431 -27.224
-52.431 -27.224
-52.438 -27.241
-52.442 -27.249
-52.441 -27.260
-52.419 -27.283
-52.415 -27.286
-52.404 -27.291
-52.396 -27.293
-52.394 -27.285
-52.400 -27.259
-52.396 -27.255
-52.392 -27.253
-52.387 -27.255
-52.382 -27.258
-52.381 -27.260
-52.384 -27.285
-52.375 -27.304
-52.365 -27.304
-52.351 -27.290
-52.347 -27.288
-52.346 -27.289
-52.330 -27.302
-52.315 -27.309
-52.306 -27.317
-52.304 -27.318
-52.298 -27.317
-52.296 -27.317
-52.293 -27.314
-52.292 -27.306
-52.295 -27.297
-52.303 -27.280
-52.304 -27.270
-52.302 -27.260
-52.294 -27.258
-52.277 -27.262
-52.261 -27.259
-52.254 -27.258
-52.236 -27.265
-52.235 -27.266
-52.235 -27.271
-52.242 -27.276
-52.265 -27.283
-52.278 -27.296
-52.278 -27.297
-52.276 -27.302
-52.274 -27.303
-52.250 -27.304
-52.248 -27.304
-52.240 -27.307
-52.227 -27.328
-52.224 -27.329
-52.220 -27.331
-52.213 -27.331
-52.207 -27.327
-52.201 -27.317
-52.193 -27.297
-52.184 -27.283
-52.174 -27.273
-52.166 -27.274
-52.165 -27.274
-52.160 -27.279
-52.160 -27.281
-52.167 -27.312
-52.161 -27.314
-52.154 -27.311
-52.140 -27.307
-52.128 -27.304
-52.121 -27.303
-52.108 -27.310
-52.106 -27.316
-52.107 -27.324
-52.109 -27.338
-52.108 -27.341
-52.107 -27.342
-52.098 -27.348
-52.089 -27.346
-52.073 -27.338
-52.049 -27.345
-52.046 -27.346
-52.041 -27.345
-52.018 -27.332
-52.009 -27.334
-52.009 -27.343
-52.022 -27.355
-52.021 -27.362
-52.017 -27.366
-52.004 -27.375
-51.997 -27.378
-51.986 -27.375
-51.962 -27.375
-51.951 -27.381
-51.950 -27.392
-51.954 -27.395
-51.992 -27.390
-51.995 -27.391
-52.003 -27.395
-52.008 -27.402
-52.007 -27.403
-52.002 -27.407
-51.991 -27.410
-51.975 -27.410
-51.956 -27.415
-51.936 -27.430
-51.934 -27.432
-51.935 -27.438
-51.939 -27.444
-51.963 -27.462
-51.963 -27.464
-51.964 -27.468
-51.964 -27.468
-51.960 -27.472
-51.955 -27.474
-51.945 -27.472
-51.930 -27.464
-51.916 -27.459
-51.910 -27.459
-51.904 -27.462
-51.901 -27.465
-51.902 -27.496
-51.889 -27.520
-51.889 -27.521
-51.877 -27.519
-51.873 -27.514
-51.880 -27.488
-51.876 -27.483
-51.874 -27.481
-51.858 -27.476
-51.857 -27.476
-51.845 -27.481
-51.843 -27.484
-51.843 -27.486
-51.854 -27.518
-51.851 -27.522
-51.847 -27.526
-51.838 -27.521
-51.823 -27.513
-51.821 -27.513
-51.798 -27.530
-51.795 -27.530
-51.787 -27.529
-51.786 -27.522
-51.791 -27.515
-51.800 -27.508
-51.802 -27.503
-51.799 -27.492
-51.798 -27.491
-51.784 -27.492
-51.753 -27.487
-51.753 -27.487
-51.752 -27.489
-51.742 -27.497
-51.727 -27.513
-51.724 -27.513
-51.718 -27.511
-51.717 -27.510
-51.715 -27.504
-51.703 -27.483
-51.699 -27.481
-51.697 -27.480
-51.687 -27.479
-51.675 -27.488
-51.673 -27.492
-51.676 -27.503
-51.677 -27.507
-51.670 -27.515
-51.664 -27.517
-51.657 -27.520
-51.655 -27.520
-51.649 -27.517
-51.646 -27.513
-51.643 -27.492
-51.632 -27.489
-51.622 -27.495
-51.622 -27.495
-51.620 -27.501
-51.632 -27.538
-51.623 -27.546
-51.608 -27.542
-51.594 -27.525
-51.582 -27.524
-51.580 -27.525
-51.579 -27.528
-51.580 -27.539
-51.586 -27.561
-51.586 -27.565
-51.580 -27.575
-51.578 -27.577
-51.575 -27.580
-51.569 -27.584
-51.565 -27.585
-51.562 -27.584
-51.560 -27.583
-51.556 -27.569
-51.556 -27.568
-51.554 -27.564
-51.551 -27.562
-51.548 -27.560
-51.534 -27.563
-51.508 -27.557
-51.490 -27.560
-51.479 -27.569
-51.478 -27.570
-51.475 -27.598
-51.470 -27.603
-51.459 -27.607
-51.457 -27.608
-51.451 -27.614
-51.436 -27.633
-51.437 -27.650
-51.435 -27.653
-51.433 -27.655
-51.421 -27.655
-51.419 -27.654
-51.411 -27.646
-51.407 -27.636
-51.402 -27.631
-51.398 -27.628
-51.390 -27.625
-51.387 -27.624
-51.385 -27.624
-51.375 -27.632
-51.370 -27.637
-51.377 -27.662
-51.370 -27.672
-51.354 -27.680
-51.331 -27.671
-51.322 -27.673
-51.317 -27.675
-51.314 -27.677
-51.313 -27.682
-51.311 -27.694
-51.302 -27.703
-51.309 -27.712
-51.309 -27.719
-51.294 -27.725
-51.276 -27.724
-51.273 -27.736
-51.274 -27.750
-51.248 -27.759
-51.242 -27.776
-51.236 -27.779
-51.235 -27.779
-51.234 -27.779
-51.228 -27.774
-51.222 -27.770
-51.209 -27.777
-51.191 -27.777
-51.179 -27.786
-51.158 -27.803
-51.137 -27.804
-51.134 -27.806
-51.134 -27.806
-51.133 -27.809
-51.132 -27.830
-51.126 -27.832
-51.125 -27.833
-51.101 -27.828
-51.094 -27.830
-51.082 -27.835
-51.077 -27.841
-51.080 -27.859
-51.073 -27.866
-51.054 -27.868
-51.052 -27.870
-51.055 -27.887
-51.057 -27.899
-51.056 -27.902
-51.039 -27.913
-51.018 -27.925
-51.018 -27.926
-51.020 -27.947
-51.019 -27.955
-51.014 -27.960
-51.011 -27.963
-51.001 -27.963
-50.993 -27.946
-50.992 -27.945
-50.987 -27.942
-50.985 -27.942
-50.980 -27.948
-50.972 -27.956
-50.945 -27.969
-50.929 -27.969
-50.925 -27.981
-50.929 -27.991
-50.920 -28.002
-50.923 -28.012
-50.893 -28.021
-50.880 -28.034
-50.877 -28.038
-50.877 -28.041
-50.875 -28.055
-50.882 -28.068
-50.899 -28.078
-50.904 -28.087
-50.902 -28.087
-50.882 -28.091
-50.876 -28.095
-50.869 -28.109
-50.875 -28.129
-50.873 -28.135
-50.869 -28.138
-50.862 -28.139
-50.857 -28.137
-50.834 -28.119
-50.828 -28.119
-50.820 -28.140
-50.818 -28.141
-50.792 -28.139
-50.786 -28.143
-50.785 -28.146
-50.792 -28.159
-50.783 -28.176
-50.789 -28.190
-50.789 -28.198
-50.778 -28.200
-50.766 -28.189
-50.761 -28.193
-50.760 -28.203
-50.759 -28.210
-50.752 -28.231
-50.752 -28.246
-50.749 -28.248
-50.712 -28.266
-50.698 -28.267
-50.697 -28.268
-50.697 -28.271
-50.695 -28.288
-50.681 -28.298
-50.674 -28.304
-50.660 -28.321
-50.659 -28.322
-50.665 -28.338
-50.648 -28.346
-50.628 -28.364
-50.633 -28.379
-50.625 -28.391
-50.612 -28.393
-50.611 -28.393
-50.599 -28.382
-50.593 -28.382
-50.592 -28.382
-50.577 -28.394
-50.563 -28.415
-50.550 -28.420
-50.544 -28.427
-50.537 -28.429
-50.529 -28.426
-50.529 -28.426
-50.531 -28.408
-50.528 -28.404
-50.528 -28.404
-50.517 -28.404
-50.514 -28.405
-50.500 -28.412
-50.499 -28.413
-50.471 -28.415
-50.456 -28.411
-50.446 -28.424
-50.434 -28.431
-50.423 -28.432
-50.397 -28.433
-50.388 -28.444
-50.380 -28.446
-50.378 -28.445
-50.371 -28.425
-50.370 -28.425
-50.359 -28.421
-50.357 -28.421
-50.348 -28.429
-50.351 -28.456
-50.346 -28.463
-50.345 -28.463
-50.337 -28.458
-50.339 -28.440
-50.338 -28.439
-50.328 -28.434
-50.316 -28.436
-50.301 -28.440
-50.296 -28.447
-50.292 -28.451
-50.292 -28.451
-50.288 -28.453
-50.272 -28.457
-50.256 -28.451
-50.252 -28.449
-50.263 -28.446
-50.263 -28.446
-50.264 -28.443
-50.247 -28.429
-50.245 -28.431
-50.235 -28.458
-50.223 -28.463
-50.216 -28.461
-50.203 -28.444
-50.201 -28.444
-50.191 -28.451
-50.189 -28.453
-50.184 -28.453
-50.177 -28.453
-50.175 -28.456
-50.165 -28.474
-50.162 -28.495
-50.157 -28.498
-50.139 -28.494
-50.146 -28.477
-50.159 -28.461
-50.159 -28.460
-50.158 -28.459
-50.148 -28.460
-50.146 -28.448
-50.146 -28.448
-50.146 -28.446
-50.128 -28.438
-50.130 -28.432
-50.130 -28.431
-50.127 -28.429
-50.125 -28.430
-50.113 -28.442
-50.112 -28.445
-50.112 -28.445
-50.116 -28.455
-50.126 -28.464
-50.126 -28.467
-50.125 -28.474
-50.124 -28.475
-50.108 -28.473
-50.100 -28.485
-50.086 -28.473
-50.072 -28.480
-50.069 -28.478
-50.062 -28.476
-50.037 -28.478
-50.036 -28.478
-50.027 -28.473
-50.024 -28.458
-50.019 -28.452
-50.014 -28.451
-50.002 -28.457
-49.988 -28.456
-49.989 -28.446
-49.980 -28.440
-49.971 -28.439
-49.967 -28.455
-49.958 -28.450
-49.952 -28.450
-49.951 -28.451
-49.951 -28.467
-49.943 -28.482
-49.929 -28.471
-49.931 -28.464
-49.938 -28.458
-49.932 -28.454
-49.928 -28.452
-49.903 -28.463
-49.899 -28.463
-49.892 -28.460
-49.889 -28.458
-49.896 -28.444
-49.895 -28.442
-49.891 -28.442
-49.883 -28.447
-49.873 -28.442
-49.858 -28.444
-49.856 -28.446
-49.857 -28.447
-49.877 -28.455
-49.864 -28.463
-49.864 -28.474
-49.869 -28.481
-49.866 -28.487
-49.866 -28.488
-49.842 -28.484
-49.841 -28.485
-49.845 -28.493
-49.840 -28.496
-49.826 -28.478
-49.811 -28.484
-49.816 -28.478
-49.817 -28.469
-49.810 -28.468
-49.803 -28.484
-49.795 -28.488
-49.791 -28.495
-49.783 -28.496
-49.781 -28.494
-49.786 -28.488
-49.778 -28.476
-49.782 -28.472
-49.773 -28.467
-49.769 -28.460
-49.768 -28.460
-49.765 -28.460
-49.765 -28.483
-49.771 -28.493
-49.770 -28.494
-49.763 -28.502
-49.746 -28.494
-49.745 -28.494
-49.742 -28.498
-49.740 -28.501
-49.745 -28.505
-49.744 -28.508
-49.728 -28.518
-49.747 -28.534
-49.749 -28.546
-49.747 -28.548
-49.730 -28.552
-49.725 -28.570
-49.720 -28.577
-49.712 -28.573
-49.711 -28.575
-49.708 -28.583
-49.712 -28.593
-49.710 -28.605
-49.699 -28.607
-49.692 -28.619
-49.694 -28.626
-49.705 -28.630
-49.708 -28.631
-49.707 -28.627
-49.716 -28.624
-49.728 -28.623
-49.755 -28.629
-49.758 -28.616
-49.772 -28.628
-49.781 -28.630
-49.785 -28.623
-49.783 -28.611
-49.788 -28.613
-49.790 -28.614
-49.795 -28.617
-49.803 -28.629
-49.808 -28.630
-49.809 -28.636
-49.817 -28.641
-49.815 -28.650
-49.818 -28.654
-49.811 -28.654
-49.813 -28.659
-49.823 -28.662
-49.829 -28.669
-49.838 -28.667
-49.840 -28.677
-49.835 -28.679
-49.834 -28.688
-49.823 -28.688
-49.821 -28.694
-49.832 -28.695
-49.839 -28.702
-49.841 -28.708
-49.837 -28.710
-49.838 -28.712
-49.841 -28.715
-49.843 -28.713
-49.846 -28.705
-49.863 -28.703
-49.860 -28.700
-49.872 -28.705
-49.870 -28.708
-49.874 -28.722
-49.869 -28.724
-49.880 -28.736
-49.876 -28.745
-49.889 -28.747
-49.887 -28.741
-49.892 -28.740
-49.882 -28.720
-49.885 -28.718
-49.894 -28.725
-49.898 -28.721
-49.905 -28.713
-49.904 -28.707
-49.914 -28.716
-49.925 -28.719
-49.925 -28.719
-49.935 -28.728
-49.931 -28.741
-49.922 -28.746
-49.928 -28.752
-49.928 -28.756
-49.937 -28.759
-49.946 -28.756
-49.946 -28.759
-49.949 -28.759
-49.949 -28.759
-49.954 -28.760
-49.952 -28.769
-49.957 -28.772
-49.954 -28.777
-49.959 -28.779
-49.953 -28.784
-49.957 -28.791
-49.953 -28.798
-49.948 -28.798
-49.947 -28.806
-49.960 -28.801
-49.964 -28.822
-49.963 -28.827
-49.954 -28.826
-49.959 -28.853
-49.945 -28.849
-49.948 -28.857
-49.954 -28.857
-49.954 -28.863
-49.964 -28.868
-49.967 -28.874
-49.949 -28.869
-49.950 -28.880
-49.939 -28.872
-49.929 -28.871
-49.936 -28.876
-49.936 -28.883
-49.942 -28.881
-49.943 -28.885
-49.949 -28.888
-49.949 -28.892
-49.948 -28.901
-49.959 -28.909
-49.956 -28.911
-49.966 -28.922
-49.962 -28.925
-49.944 -28.924
-49.948 -28.927
-49.945 -28.941
-49.956 -28.941
-49.956 -28.962
-49.938 -28.965
-49.934 -28.974
-49.922 -28.977
-49.920 -28.979
-49.935 -28.985
-49.938 -28.979
-49.943 -28.983
-49.942 -29.001
-49.946 -28.996
-49.951 -29.000
-49.958 -29.011
-49.955 -29.012
-49.965 -29.023
-49.949 -29.021
-49.947 -29.018
-49.939 -29.020
-49.939 -29.024
-49.947 -29.028
-49.946 -29.033
-49.955 -29.036
-49.953 -29.039
-49.959 -29.044
-49.959 -29.049
-50.007 -29.072
-49.991 -29.070
-49.989 -29.076
-49.985 -29.072
-49.987 -29.069
-49.968 -29.065
-49.968 -29.068
-49.964 -29.065
-49.957 -29.066
-49.957 -29.062
-49.946 -29.056
-49.940 -29.057
-49.942 -29.065
-49.952 -29.063
-49.948 -29.070
-49.956 -29.069
-49.960 -29.071
-49.954 -29.076
-49.954 -29.086
-49.967 -29.084
-49.967 -29.095
-49.963 -29.100
-49.969 -29.102
-49.970 -29.105
-49.968 -29.116
-49.964 -29.115
-49.963 -29.118
-49.969 -29.121
-49.968 -29.117
-49.982 -29.120
-49.984 -29.118
-49.991 -29.119
-49.991 -29.119
-49.984 -29.130
-49.987 -29.137
-49.991 -29.135
-49.990 -29.129
-49.997 -29.133
-50.014 -29.128
-50.006 -29.135
-50.005 -29.151
-50.010 -29.152
-50.010 -29.157
-50.019 -29.154
-50.019 -29.165
-50.020 -29.167
-50.025 -29.165
-50.028 -29.171
-50.020 -29.175
-50.022 -29.179
-50.017 -29.181
-50.030 -29.181
-50.035 -29.177
-50.042 -29.184
-50.052 -29.186
-50.056 -29.184
-50.066 -29.192
-50.061 -29.177
-50.063 -29.179
-50.077 -29.190
-50.079 -29.186
-50.076 -29.183
-50.086 -29.179
-50.079 -29.176
-50.090 -29.176
-50.092 -29.168
-50.077 -29.161
-50.078 -29.158
-50.070 -29.158
-50.080 -29.156
-50.082 -29.160
-50.099 -29.164
-50.096 -29.166
-50.099 -29.173
-50.094 -29.177
-50.098 -29.181
-50.091 -29.181
-50.089 -29.185
-50.093 -29.196
-50.086 -29.194
-50.093 -29.199
-50.087 -29.199
-50.087 -29.203
-50.093 -29.221
-50.085 -29.216
-50.088 -29.223
-50.084 -29.228
-50.094 -29.238
-50.099 -29.237
-50.093 -29.224
-50.111 -29.238
-50.109 -29.231
-50.111 -29.224
-50.111 -29.223
-50.101 -29.225
-50.094 -29.213
-50.115 -29.209
-50.116 -29.206
-50.130 -29.202
-50.123 -29.198
-50.138 -29.200
-50.139 -29.193
-50.152 -29.202
-50.151 -29.204
-50.141 -29.202
-50.134 -29.209
-50.133 -29.216
-50.148 -29.220
-50.146 -29.226
-50.150 -29.229
-50.142 -29.230
-50.139 -29.234
-50.141 -29.239
-50.166 -29.248
-50.156 -29.249
-50.157 -29.252
-50.150 -29.250
-50.151 -29.258
-50.138 -29.255
-50.145 -29.258
-50.146 -29.259
-50.145 -29.276
-50.145 -29.276
-50.149 -29.283
-50.151 -29.285
-50.145 -29.284
-50.148 -29.288
-50.146 -29.288
-50.142 -29.288
-50.143 -29.292
-50.139 -29.293
-50.135 -29.300
-50.129 -29.303
-50.131 -29.286
-50.123 -29.282
-50.122 -29.288
-50.116 -29.292
-50.118 -29.298
-50.106 -29.300
-50.106 -29.301
-50.109 -29.306
-50.101 -29.311
-50.090 -29.311
-50.084 -29.317
-50.086 -29.323
-50.079 -29.321
-50.079 -29.321
-50.073 -29.320
-50.071 -29.323
-50.067 -29.322
-50.073 -29.328
-50.058 -29.328
-50.059 -29.337
-50.065 -29.341
-50.050 -29.339
-50.037 -29.351
-50.035 -29.348
-50.063 -29.312
-50.074 -29.310
-50.093 -29.297
-50.102 -29.284
-50.108 -29.281
-50.115 -29.259
-50.108 -29.258
-50.107 -29.254
-50.090 -29.255
-50.069 -29.247
-50.066 -29.249
-50.064 -29.243
-50.042 -29.241
-50.035 -29.234
-50.007 -29.225
-50.001 -29.227
-49.987 -29.222
-49.973 -29.214
-49.971 -29.204
-49.963 -29.199
-49.948 -29.200
-49.947 -29.200
-49.941 -29.204
-49.932 -29.204
-49.929 -29.207
-49.914 -29.208
-49.901 -29.215
-49.880 -29.220
-49.877 -29.225
-49.869 -29.224
-49.857 -29.233
-49.857 -29.243
-49.854 -29.246
-49.849 -29.247
-49.850 -29.250
-49.855 -29.257
-49.842 -29.261
-49.843 -29.272
-49.847 -29.273
-49.841 -29.278
-49.831 -29.277
-49.828 -29.277
-49.821 -29.283
-49.818 -29.286
-49.812 -29.284
-49.810 -29.287
-49.796 -29.289
-49.792 -29.286
-49.789 -29.287
-49.770 -29.299
-49.767 -29.300
-49.749 -29.298
-49.747 -29.298
-49.741 -29.301
-49.741 -29.307
-49.743 -29.309
-49.743 -29.311
-49.738 -29.315
-49.736 -29.311
-49.734 -29.315
-49.730 -29.318
-49.743 -29.321
-49.745 -29.328
-49.745 -29.328
-49.736 -29.326
-49.730 -29.329
-49.712 -29.326
-49.729 -29.349
-49.731 -29.359
-49.751 -29.379
-49.802 -29.444
-49.923 -29.607
-49.935 -29.625
-49.943 -29.638
-49.952 -29.654
-49.958 -29.664
-49.987 -29.715
-50.018 -29.772
-50.042 -29.817
-50.064 -29.862
-50.075 -29.884
-50.118 -29.976
-50.142 -30.034
-50.156 -30.066
-50.168 -30.098
-50.212 -30.207
-50.224 -30.236
-50.236 -30.267
-50.243 -30.282
-50.251 -30.304
-50.262 -30.332
-50.289 -30.406
-50.309 -30.456
-50.333 -30.501
-50.370 -30.558
-50.442 -30.652
-50.474 -30.695
-50.563 -30.825
-50.673 -30.970
-50.682 -30.982
-50.741 -31.072
-50.769 -31.110
-50.803 -31.149
-50.848 -31.196
-50.887 -31.236
-50.931 -31.275
-50.949 -31.290
-51.042 -31.365
-51.120 -31.435
-51.174 -31.473
-51.192 -31.496
-51.222 -31.537
-51.250 -31.567
-51.324 -31.622
-51.402 -31.679
-51.470 -31.726
-51.530 -31.759
-51.627 -31.813
-51.718 -31.855
-51.818 -31.911
-51.885 -31.958
-51.920 -31.988
-51.979 -32.044
-52.075 -32.143
-52.082 -32.157
-52.076 -32.189
-52.099 -32.162
-52.118 -32.166
-52.156 -32.191
-52.186 -32.216
-52.232 -32.257
-52.262 -32.295
-52.307 -32.362
-52.342 -32.427
-52.371 -32.490
-52.416 -32.607
-52.426 -32.642
-52.448 -32.736
-52.468 -32.798
-52.512 -32.903
-52.553 -32.973
-52.602 -33.071
-52.629 -33.116
-52.662 -33.161
-52.739 -33.250
-52.796 -33.303
-53.044 -33.498
-53.152 -33.589
-53.247 -33.661
-53.275 -33.679
-53.373 -33.746
-53.386 -33.748
-53.397 -33.752
-53.403 -33.749
-53.416 -33.749
-53.423 -33.745
-53.433 -33.739
-53.432 -33.731
-53.439 -33.713
-53.437 -33.702
-53.443 -33.697
-53.441 -33.695
-53.523 -33.690
-53.533 -33.689
-53.530 -33.687
-53.531 -33.679
-53.525 -33.675
-53.532 -33.668
-53.531 -33.661
-53.536 -33.650
-53.530 -33.644
-53.526 -33.626
-53.536 -33.615
-53.531 -33.601
-53.523 -33.595
-53.524 -33.527
-53.511 -33.460
-53.506 -33.351
-53.523 -33.250
-53.522 -33.156
-53.448 -33.055
-53.358 -33.004
-53.309 -33.007
-53.244 -32.936
-53.309 -32.918
-53.287 -32.897
-53.284 -32.912
-53.291 -32.912
-53.282 -32.915
-53.271 -32.915
-53.285 -32.897
-53.285 -32.897
-53.186 -32.849
-53.157 -32.812
-53.164 -32.805
-53.144 -32.787
-53.081 -32.776
-53.071 -32.741
-53.175 -32.657
-53.175 -32.657
-53.182 -32.656
-53.187 -32.645
-53.217 -32.639
-53.243 -32.626
-53.250 -32.604
-53.271 -32.605
-53.280 -32.620
-53.288 -32.623
-53.297 -32.617
-53.304 -32.605
-53.321 -32.597
-53.333 -32.586
-53.337 -32.585
-53.349 -32.593
-53.356 -32.591
-53.370 -32.572
-53.378 -32.573
-53.389 -32.588
-53.410 -32.577
-53.417 -32.569
-53.418 -32.562
-53.424 -32.559
-53.426 -32.565
-53.432 -32.566
-53.442 -32.540
-53.458 -32.522
-53.457 -32.516
-53.464 -32.503
-53.463 -32.499
-53.467 -32.493
-53.464 -32.486
-53.471 -32.481
-53.480 -32.485
-53.503 -32.481
-53.515 -32.488
-53.521 -32.481
-53.527 -32.488
-53.545 -32.478
-53.542 -32.472
-53.558 -32.472
-53.567 -32.459
-53.583 -32.452
-53.588 -32.436
-53.597 -32.433
-53.613 -32.419
-53.612 -32.403
-53.616 -32.396
-53.645 -32.385
-53.643 -32.374
-53.633 -32.350
-53.643 -32.337
-53.644 -32.324
-53.656 -32.320
-53.655 -32.312
-53.647 -32.313
-53.643 -32.297
-53.656 -32.288
-53.656 -32.279
-53.665 -32.275
-53.677 -32.260
-53.676 -32.238
-53.685 -32.220
-53.693 -32.214
-53.694 -32.205
-53.704 -32.208
-53.711 -32.200
-53.702 -32.190
-53.713 -32.189
-53.712 -32.178
-53.723 -32.174
-53.717 -32.155
-53.734 -32.153
-53.726 -32.147
-53.727 -32.138
-53.744 -32.117
-53.738 -32.106
-53.740 -32.101
-53.732 -32.106
-53.725 -32.098
-53.744 -32.093
-53.746 -32.079
-53.754 -32.080
-53.757 -32.077
-53.765 -32.080
-53.769 -32.074
-53.781 -32.071
-53.789 -32.073
-53.789 -32.069
-53.805 -32.071
-53.815 -32.060
-53.826 -32.060
-53.833 -32.056
-53.834 -32.043
-53.843 -32.038
-53.838 -32.034
-53.846 -32.030
-53.852 -32.030
-53.851 -32.014
-53.854 -32.011
-53.850 -32.001
-53.854 -31.999
-53.864 -31.996
-53.865 -31.993
-53.870 -31.999
-53.891 -31.995
-53.897 -31.982
-53.909 -31.975
-53.913 -31.967
-53.932 -31.964
-53.946 -31.956
-53.952 -31.959
-53.961 -31.956
-53.972 -31.942
-53.971 -31.936
-53.968 -31.938
-53.965 -31.931
-53.962 -31.932
-53.963 -31.924
-53.969 -31.923
-53.970 -31.919
-54.004 -31.915
-54.007 -31.910
-54.016 -31.908
-54.012 -31.906
-54.017 -31.905
-54.016 -31.902
-54.023 -31.902
-54.026 -31.898
-54.032 -31.900
-54.031 -31.896
-54.035 -31.898
-54.039 -31.897
-54.045 -31.905
-54.053 -31.906
-54.055 -31.913
-54.067 -31.924
-54.073 -31.920
-54.088 -31.936
-54.091 -31.931
-54.100 -31.928
-54.099 -31.925
-54.107 -31.920
-54.104 -31.914
-54.109 -31.909
-54.140 -31.895
-54.142 -31.884
-54.159 -31.873
-54.454 -31.653
-54.452 -31.642
-54.454 -31.631
-54.460 -31.629
-54.467 -31.613
-54.457 -31.608
-54.458 -31.603
-54.453 -31.604
-54.453 -31.601
-54.464 -31.590
-54.469 -31.593
-54.474 -31.571
-54.481 -31.570
-54.494 -31.560
-54.491 -31.553
-54.514 -31.514
-54.520 -31.509
-54.524 -31.511
-54.524 -31.507
-54.532 -31.502
-54.547 -31.499
-54.553 -31.493
-54.557 -31.495
-54.560 -31.488
-54.575 -31.482
-54.580 -31.467
-54.587 -31.460
-54.586 -31.457
-54.670 -31.454
-54.684 -31.445
-54.695 -31.445
-54.697 -31.438
-54.701 -31.436
-54.703 -31.440
-54.719 -31.439
-54.724 -31.430
-54.760 -31.426
-54.789 -31.435
-54.805 -31.429
-54.811 -31.435
-54.827 -31.437
-54.836 -31.442
-54.857 -31.419
-54.861 -31.418
-54.857 -31.409
-54.878 -31.399
-54.887 -31.384
-54.884 -31.382
-54.891 -31.376
-54.899 -31.377
-54.898 -31.382
-54.904 -31.385
-54.921 -31.380
-54.932 -31.386
-54.940 -31.381
-54.937 -31.371
-54.934 -31.370
-54.936 -31.365
-54.935 -31.357
-54.960 -31.352
-54.960 -31.343
-54.952 -31.340
-54.953 -31.333
-54.959 -31.324
-54.978 -31.318
-54.982 -31.312
-54.980 -31.304
-54.982 -31.297
-54.995 -31.289
-54.994 -31.284
-55.000 -31.283
-55.001 -31.276
-55.002 -31.270
-55.007 -31.267
-55.008 -31.270
-55.020 -31.268
-55.031 -31.270
-55.036 -31.276
-55.031 -31.279
-55.035 -31.284
-55.032 -31.290
-55.043 -31.309
-55.047 -31.308
-55.053 -31.314
-55.060 -31.316
-55.057 -31.323
-55.061 -31.325
-55.057 -31.332
-55.074 -31.333
-55.081 -31.325
-55.102 -31.315
-55.108 -31.308
-55.122 -31.313
-55.122 -31.305
-55.125 -31.303
-55.136 -31.302
-55.152 -31.294
-55.156 -31.286
-55.163 -31.286
-55.166 -31.281
-55.162 -31.280
-55.167 -31.274
-55.169 -31.270
-55.179 -31.271
-55.183 -31.266
-55.235 -31.259
-55.240 -31.261
-55.240 -31.254
-55.246 -31.253
-55.248 -31.249
-55.247 -31.217
-55.253 -31.212
-55.250 -31.206
-55.262 -31.195
-55.282 -31.194
-55.285 -31.186
-55.270 -31.177
-55.274 -31.171
-55.290 -31.164
-55.290 -31.160
-55.285 -31.157
-55.290 -31.151
-55.290 -31.144
-55.305 -31.142
-55.311 -31.148
-55.318 -31.145
-55.321 -31.136
-55.326 -31.138
-55.334 -31.133
-55.338 -31.134
-55.337 -31.120
-55.330 -31.117
-55.328 -31.111
-55.332 -31.106
-55.333 -31.099
-55.327 -31.089
-55.339 -31.086
-55.349 -31.068
-55.352 -31.071
-55.359 -31.068
-55.353 -31.058
-55.350 -31.041
-55.351 -31.038
-55.359 -31.041
-55.369 -31.035
-55.374 -31.020
-55.380 -31.024
-55.385 -31.021
-55.400 -31.029
-55.405 -31.028
-55.407 -31.019
-55.415 -31.015
-55.424 -31.017
-55.425 -31.012
-55.437 -31.005
-55.436 -30.993
-55.431 -30.993
-55.429 -30.987
-55.424 -30.986
-55.428 -30.981
-55.432 -30.973
-55.438 -30.973
-55.441 -30.960
-55.452 -30.961
-55.457 -30.952
-55.478 -30.954
-55.486 -30.948
-55.489 -30.939
-55.486 -30.929
-55.489 -30.926
-55.504 -30.925
-55.509 -30.914
-55.510 -30.902
-55.525 -30.899
-55.532 -30.903
-55.533 -30.898
-55.545 -30.891
-55.554 -30.874
-55.563 -30.869
-55.562 -30.855
-55.567 -30.846
-55.577 -30.844
-55.577 -30.834
-55.584 -30.836
-55.586 -30.842
-55.604 -30.851
-55.610 -30.849
-55.612 -30.844
-55.621 -30.843
-55.628 -30.849
-55.637 -30.848
-55.646 -30.856
-55.644 -30.859
-55.650 -30.866
-55.658 -30.864
-55.663 -30.873
-55.652 -30.884
-55.655 -30.885
-55.654 -30.897
-55.642 -30.912
-55.648 -30.924
-55.656 -30.925
-55.663 -30.933
-55.658 -30.944
-55.661 -30.949
-55.664 -30.947
-55.666 -30.954
-55.676 -30.956
-55.688 -30.953
-55.689 -30.945
-55.695 -30.944
-55.704 -30.956
-55.710 -30.955
-55.716 -30.944
-55.724 -30.943
-55.721 -30.946
-55.724 -30.952
-55.724 -30.966
-55.731 -30.974
-55.728 -30.980
-55.746 -30.980
-55.745 -30.986
-55.754 -30.999
-55.773 -30.998
-55.766 -31.010
-55.779 -31.015
-55.806 -31.017
-55.813 -31.016
-55.812 -31.022
-55.830 -31.041
-55.829 -31.044
-55.847 -31.042
-55.855 -31.045
-55.871 -31.072
-55.878 -31.073
-55.882 -31.077
-55.891 -31.077
-55.899 -31.067
-55.910 -31.075
-55.918 -31.074
-55.925 -31.077
-55.933 -31.087
-55.958 -31.077
-55.978 -31.074
-55.986 -31.077
-55.992 -31.085
-56.010 -31.081
-56.009 -31.071
-56.019 -31.048
-56.016 -31.001
-56.007 -30.984
-56.010 -30.979
-56.006 -30.974
-56.010 -30.970
-56.013 -30.955
-56.010 -30.949
-56.015 -30.945
-56.005 -30.922
-56.010 -30.915
-56.008 -30.896
-55.990 -30.867
-55.990 -30.859
-55.994 -30.848
-56.004 -30.841
-56.009 -30.822
-56.017 -30.819
-56.016 -30.812
-56.012 -30.810
-56.024 -30.801
-56.021 -30.793
-56.023 -30.787
-56.034 -30.786
-56.039 -30.777
-56.045 -30.775
-56.050 -30.778
-56.064 -30.774
-56.067 -30.767
-56.065 -30.753
-56.070 -30.748
-56.075 -30.746
-56.089 -30.758
-56.095 -30.755
-56.108 -30.733
-56.112 -30.733
-56.125 -30.740
-56.129 -30.738
-56.133 -30.732
-56.129 -30.721
-56.131 -30.717
-56.137 -30.711
-56.150 -30.706
-56.150 -30.694
-56.138 -30.686
-56.142 -30.681
-56.152 -30.681
-56.167 -30.665
-56.170 -30.654
-56.166 -30.641
-56.181 -30.633
-56.183 -30.626
-56.170 -30.616
-56.192 -30.605
-56.220 -30.608
-56.225 -30.599
-56.235 -30.592
-56.235 -30.588
-56.224 -30.586
-56.226 -30.579
-56.238 -30.574
-56.247 -30.575
-56.256 -30.589
-56.260 -30.587
-56.263 -30.583
-56.262 -30.571
-56.257 -30.568
-56.259 -30.562
-56.267 -30.556
-56.277 -30.563
-56.281 -30.562
-56.279 -30.554
-56.289 -30.541
-56.290 -30.532
-56.287 -30.529
-56.292 -30.521
-56.296 -30.526
-56.307 -30.531
-56.329 -30.530
-56.337 -30.524
-56.335 -30.512
-56.348 -30.505
-56.350 -30.497
-56.355 -30.493
-56.364 -30.493
-56.360 -30.500
-56.366 -30.503
-56.384 -30.499
-56.389 -30.493
-56.384 -30.492
-56.386 -30.488
-56.395 -30.486
-56.396 -30.472
-56.400 -30.475
-56.406 -30.469
-56.407 -30.461
-56.400 -30.459
-56.397 -30.450
-56.409 -30.445
-56.416 -30.432
-56.425 -30.435
-56.438 -30.433
-56.452 -30.423
-56.444 -30.416
-56.451 -30.405
-56.462 -30.385
-56.478 -30.392
-56.483 -30.400
-56.489 -30.400
-56.496 -30.388
-56.505 -30.383
-56.504 -30.371
-56.507 -30.369
-56.521 -30.360
-56.545 -30.360
-56.544 -30.353
-56.551 -30.344
-56.537 -30.334
-56.540 -30.315
-56.546 -30.312
-56.556 -30.320
-56.575 -30.303
-56.576 -30.289
-56.596 -30.296
-56.604 -30.294
-56.611 -30.301
-56.617 -30.301
-56.619 -30.295
-56.606 -30.283
-56.613 -30.262
-56.627 -30.268
-56.639 -30.258
-56.637 -30.255
-56.630 -30.255
-56.624 -30.248
-56.642 -30.235
-56.649 -30.222
-56.667 -30.221
-56.668 -30.218
-56.645 -30.208
-56.646 -30.205
-56.652 -30.208
-56.659 -30.202
-56.663 -30.199
-56.679 -30.201
-56.682 -30.196
-56.697 -30.206
-56.708 -30.189
-56.706 -30.177
-56.719 -30.181
-56.730 -30.173
-56.759 -30.162
-56.777 -30.165
-56.784 -30.154
-56.778 -30.135
-56.780 -30.128
-56.801 -30.122
-56.806 -30.105
-56.818 -30.108
-56.823 -30.098
-56.835 -30.093
-56.855 -30.090
-56.872 -30.095
-56.874 -30.088
-56.885 -30.088
-56.904 -30.114
-56.905 -30.109
-56.914 -30.112
-56.912 -30.103
-56.918 -30.097
-56.932 -30.095
-56.956 -30.102
-56.977 -30.099
-56.983 -30.089
-56.992 -30.087
-57.023 -30.089
-57.028 -30.093
-57.032 -30.102
-57.044 -30.106
-57.056 -30.100
-57.068 -30.102
-57.066 -30.092
-57.061 -30.090
-57.065 -30.087
-57.070 -30.087
-57.085 -30.101
-57.091 -30.112
-57.089 -30.114
-57.085 -30.112
-57.089 -30.121
-57.094 -30.121
-57.095 -30.116
-57.115 -30.115
-57.114 -30.128
-57.104 -30.127
-57.106 -30.136
-57.114 -30.146
-57.129 -30.142
-57.145 -30.173
-57.158 -30.186
-57.160 -30.195
-57.168 -30.199
-57.168 -30.209
-57.165 -30.214
-57.168 -30.218
-57.162 -30.220
-57.166 -30.225
-57.155 -30.234
-57.161 -30.243
-57.167 -30.242
-57.168 -30.250
-57.178 -30.252
-57.195 -30.264
-57.203 -30.287
-57.218 -30.290
-57.248 -30.291
-57.255 -30.284
-57.253 -30.276
-57.260 -30.268
-57.269 -30.274
-57.269 -30.284
-57.280 -30.295
-57.284 -30.295
-57.295 -30.285
-57.305 -30.266
-57.314 -30.259
-57.321 -30.272
-57.354 -30.286
-57.360 -30.273
-57.369 -30.274
-57.386 -30.292
-57.389 -30.304
-57.396 -30.305
-57.410 -30.301
-57.420 -30.303
-57.422 -30.292
-57.414 -30.281
-57.430 -30.276
-57.452 -30.277
-57.461 -30.267
-57.485 -30.267
-57.489 -30.270
-57.498 -30.288
-57.523 -30.287
-57.549 -30.274
-57.555 -30.265
-57.566 -30.259
-57.557 -30.221
-57.563 -30.210
-57.611 -30.190
-57.630 -30.188
-57.643 -30.194
-57.644 -30.189
-57.636 -30.176
-57.585 -30.177
-57.548 -30.164
-57.482 -30.124
-57.462 -30.107
-57.446 -30.072
-57.430 -30.053
-57.406 -30.031
-57.346 -30.003
-57.328 -29.972
-57.213 -29.624
